Вариант №1:

1. Сформировать бинарное дерево из следующих чисел:
-39 89 -7 55 -42 -68 -8 -95 7 -67 -12 -60 18 61 19 -47 33 -33 34 11 88 64 -32 -98 -63 
2. Вставить следующие числа:
88 -49 18 -8 71 
3. Удалить следующие числа:
19 -8 11 -25 -96 

Вариант №2:

1. Сформировать бинарное дерево из следующих чисел:
45 -48 -51 9 -67 -14 87 -40 56 66 30 -44 -76 -57 -16 -38 -66 54 -78 -96 -74 -3 -12 -42 -6 
2. Вставить следующие числа:
-12 73 -50 -31 -38 
3. Удалить следующие числа:
-78 -76 -51 -41 71 

Вариант №3:

1. Сформировать бинарное дерево из следующих чисел:
-22 -24 41 -38 -45 9 52 98 45 -83 64 40 -6 87 -95 -3 29 -34 85 -20 25 -14 -98 -21 -35 
2. Вставить следующие числа:
87 5 71 -72 -13 
3. Удалить следующие числа:
-95 -20 25 89 60 

Вариант №4:

1. Сформировать бинарное дерево из следующих чисел:
0 -40 -67 96 36 68 60 -29 -15 71 -57 -47 1 92 34 -77 97 39 37 33 -98 -11 -7 -42 10 
2. Вставить следующие числа:
28 -66 -92 65 82 
3. Удалить следующие числа:
-42 -57 -11 56 25 

Вариант №5:

1. Сформировать бинарное дерево из следующих чисел:
-90 -27 -54 -76 -38 -46 62 65 -8 -98 -49 -64 51 18 75 -11 94 -55 36 63 -91 97 -34 87 -94 
2. Вставить следующие числа:
73 -1 -16 28 -28 
3. Удалить следующие числа:
-27 -8 62 -90 71 

Вариант №6:

1. Сформировать бинарное дерево из следующих чисел:
80 86 34 0 -88 -99 -97 35 81 -46 84 -12 28 -1 -95 56 -41 17 -98 -77 -53 24 55 37 -67 
2. Вставить следующие числа:
52 17 -15 3 -83 
3. Удалить следующие числа:
-99 84 -67 12 -62 

Вариант №7:

1. Сформировать бинарное дерево из следующих чисел:
73 41 79 86 54 -14 4 95 -35 -97 -28 18 15 -76 47 -31 14 33 -13 26 -5 -52 62 -24 -68 
2. Вставить следующие числа:
97 -53 22 -3 -13 
3. Удалить следующие числа:
79 -13 -28 30 -70 

Вариант №8:

1. Сформировать бинарное дерево из следующих чисел:
-62 57 87 80 14 -11 13 8 70 -18 -43 96 -26 -86 64 51 50 7 -9 68 -39 -7 -1 -53 25 
2. Вставить следующие числа:
65 -91 -27 -41 33 
3. Удалить следующие числа:
-39 7 -39 -35 -96 

Вариант №9:

1. Сформировать бинарное дерево из следующих чисел:
-1 -40 -12 -35 5 -45 -55 58 -2 77 -72 73 71 80 65 10 68 32 -7 -10 35 -26 61 -3 78 
2. Вставить следующие числа:
-2 -7 85 16 76 
3. Удалить следующие числа:
71 -1 -2 38 14 

Вариант №10:

1. Сформировать бинарное дерево из следующих чисел:
94 -14 58 -29 48 3 -48 -32 -93 -5 -27 75 19 72 1 9 98 60 -37 -77 84 59 -6 32 -1 
2. Вставить следующие числа:
75 -68 -72 49 87 
3. Удалить следующие числа:
32 32 58 32 -58 

